2.3321   0.0000   0.0000   3.0445   4.4543   
3.0493   0.0000   1.7918   1.0986   4.5643   
2.5572   0.0000   0.0000   2.3979   4.6052     
2.6741   0.0000   0.0000   2.3979   4.6151     
3.0155   0.0000   0.0000   0.0000   4.6151   
3.3810   2.3979   3.4340   2.3979   3.4340  
3.1781   0.0000   0.0000   0.6931   4.6151 
2.6247   0.0000   4.2627   1.0986   3.4340 
2.4849   0.0000   0.0000   4.3307   3.2581   
2.1972   3.9318   0.0000   3.4340   3.0445   
2.2192   0.0000   0.0000   4.1109   3.7136    
2.2925   0.0000   0.0000   3.8286   4.0254  
3.5175   1.7918   1.7918   0.6931   4.5109   
3.0865   0.0000   0.0000   1.7918   4.5643   
3.2696   0.0000   4.3944   0.6931   3.0445  
3.0301   0.0000   4.6052   0.6931   0.6931    
3.3322   0.0000   4.4543   0.6931   3.0445    
3.1224   0.0000   4.3944   0.0000   3.0445   
2.9232   0.0000   4.5109   1.6094   1.6094       
3.1091   0.0000   4.5951   0.6931   0.6931   
2.9755   0.0000   4.5643   0.6931   1.7918 
1.2528   3.2581   0.0000   4.3307   0.6931      
1.1939   3.0445   0.0000   4.0254   3.2581        
1.6487   3.2581   0.0000   4.0254   3.0445       
1.8245   3.5835   0.0000   1.0986   4.1109       
0.9933   4.5109   0.0000   1.7918   1.7918         
0.9555   2.3979   0.0000   3.8286   3.4340        
0.9555   3.4340   0.0000   3.7136   3.4340          
