66 44 22 30.12 92 8.6 187.42 771.28 857.64
58 61 23 21.405 87 7.174 273.63 634.17 815.92
67 70 24 25.078 93 8.698 74.97 666.37 697.09
82 43 24 49.827 93 5.657 162.17 625.1 712.17
79 59 25 34.677 94 9.472 103.08 701.15 739.76
58 69 22 27.108 92 9.128 507.88 521.7 866.1
59 72 23 29.451 93 6.354 187.41 686.45 802.04
61 63 20 19.644 91 5.805 93.71 461.11 493.58
59 79 20 17.085 93 5.79 56.23 577.25 572.09
59 70 24 29.599 93 10.168 74.96 504.39 521.34
61 70 24 30.3 94 8.396 178.04 744.41 829.42
91 16 31 12.714 99 41.322 121.86 501.88 552.82
77 5 26 19.453 94 12.304 103.08 610.75 640.76
71 58 25 40.416 90 5.826 132.19 454.49 521.93
79 52 27 20.72 97 9.652 150.87 642.69 704.52
55 71 20 25.063 85 55.44 410.76 593.76 878.9
61 93 22 28.697 90 9.222 392.89 516.32 775.6
70 40 24 14.9 98 31.658 66.64 493.85 504.73
64 82 23 26.478 87 8.325 245.51 762.76 902.45
81 47 25 51.195 93 9.794 281.12 801.69 977.41
82 49 23 20.407 95 37.668 331.23 628.59 834.52
90 41 29 41.924 97 12.634 220.28 825.86 947.71
39 72 21 17.543 74 6.264 131.19 95.1 185.69
47 63 19 15.778 86 5.834 28.14 513.35 492.36
91 21 27 35.833 98 12.834 161.19 585.43 679.21
68 79 22 23.342 91 8.798 94.66 542.68 581.7
