0.0000000  3.000000
0.1020408  3.192402
0.2040816  3.483249
0.3061224  3.856981
0.4081633  4.454817
0.5102041  4.456598
0.6122449  5.296454
0.7142857  4.382391
0.8163265  4.736945
0.9183673  3.975162
1.0204082  4.791545
1.1224490  4.570057
1.2244898  6.131624
1.3265306  4.981714
1.4285714  9.971873
1.5306122  6.046236
1.6326531  6.677499
1.7346939  6.331564
1.8367347  4.854812
1.9387755  8.187150
2.0408163  6.463654
2.1428571  6.703457
2.2448980  6.257802
2.3469388 12.771646
2.4489796  9.039157
2.5510204  5.934235
2.6530612  6.042129
2.7551020  9.228598
2.8571429  6.471049
2.9591837  9.936493
3.0612245  8.961647
3.1632653  7.743141
3.2653061  7.607209
3.3673469  6.794199
3.4693878 11.768369
3.5714286 13.636388
3.6734694  6.774755
3.7755102 11.796050
3.8775510  7.704306
3.9795918 14.162408
4.0816327  7.442141
4.1836735 10.489051
4.2857143 14.913385
4.3877551 10.940651
4.4897959 13.866416
4.5918367 14.259464
4.6938776 17.055025
4.7959184  8.251405
4.8979592 21.854277
5.0000000 14.254498